# Jx Jy Jz 
0.0000e+00 1.2819e+00 -3.9312e-02 -1.2930e-02
5.0000e-02 1.6587e+00 -1.8729e-02 -9.5273e-03
1.0000e-01 2.0340e+00 6.7936e-03 -1.9828e-02
1.5000e-01 2.1249e+00 4.0967e-02 -2.6873e-02
1.6250e-01 2.0873e+00 6.4829e-02 -2.5237e-02
1.7500e-01 2.0718e+00 8.2734e-02 -2.3865e-02
1.8750e-01 2.0555e+00 8.8152e-02 -1.1975e-02
2.0000e-01 2.0456e+00 9.4408e-02 -6.4554e-03
2.1250e-01 2.0477e+00 1.0954e-01 -9.3742e-03
2.2500e-01 2.0716e+00 1.2838e-01 -1.3207e-02
2.3750e-01 2.1000e+00 1.4858e-01 -2.2419e-02
2.5000e-01 2.0019e+00 1.6430e-01 -3.8603e-02
2.6250e-01 2.0116e+00 1.7085e-01 -5.1747e-02
2.7500e-01 2.0538e+00 1.5935e-01 -6.0087e-02
2.8750e-01 2.0947e+00 1.2972e-01 -4.1069e-02
3.0000e-01 2.1444e+00 1.1288e-01 -1.3304e-02
3.1250e-01 2.1812e+00 1.2921e-01 -4.1400e-04
3.2500e-01 2.1839e+00 1.6006e-01 -4.2582e-03
3.3750e-01 2.1618e+00 1.0017e-01 3.7645e-03
3.5000e-01 2.1288e+00 -1.0478e-01 3.5281e-02
3.6250e-01 2.0627e+00 -2.6093e-01 6.6004e-02
3.7500e-01 1.9672e+00 -3.3936e-01 8.4710e-02
3.8750e-01 1.8456e+00 -3.9824e-01 9.9043e-02
