# This is a general outputfile for displaying scalar quantities vs time, first column is time, further columns are data 
0.0000e+00 1.4184e+00 4.6768e+00 -1.2229e-02 -1.2415e+00 -6.2075e-01
5.0000e-02 1.9185e+00 4.6913e+00 -4.8102e-02 -6.7812e-01 -8.6142e-01
1.0000e-01 2.0489e+00 4.8552e+00 -1.1491e-01 -6.1648e-01 -9.5500e-01
1.5000e-01 2.0804e+00 4.9916e+00 -7.2347e-02 -6.1461e-01 -9.9754e-01
2.0000e-01 2.0843e+00 5.1226e+00 -1.5471e-02 -6.1038e-01 -1.0159e+00
2.5000e-01 2.0670e+00 5.2307e+00 -1.1623e-01 -6.0283e-01 -1.0173e+00
3.0000e-01 2.0050e+00 5.3345e+00 -2.5141e-01 -5.8933e-01 -9.9783e-01
3.5000e-01 2.0383e+00 5.7326e+00 -2.2061e-01 -5.5746e-01 -9.2544e-01
4.0000e-01 1.6955e+00 5.5039e+00 -5.5785e-02 -4.3526e-01 -7.5370e-01
4.5000e-01 9.8967e-01 4.0620e+00 6.5119e-02 -1.8843e-01 -4.3662e-01
5.0000e-01 4.4771e-01 2.3510e+00 5.9655e-02 -3.4724e-02 -2.0629e-01
